100000000000000000000000000000
100000000000000000000000000000
100000000000000000000000000000
100000000000000000000000000000
100000000000000000000000000000
111111111111100000000011000000
000000000000100000000011000000
000000000000100000000001111100
000000000000100000000000000100
000000000000100000000000000100
000000000000100000000000000100
000000000000100000000000000100
000000000000100000000000000100
000000000000111111111111111100
000000000000000000000000000000
000000000000000000000000000000
000000000000000000000000000000
000000000000000000000000000000
000000000000000000000000000000
000000000000000000000000000000
000000000000000000000000000000
000000000000000000000000000000
000000000000000000000000000000
000000000000000000000000000000
000000000000000000000000000000
000000000000000000000000000000
000000000000000000000000000000
000000000000000000000000000000
000000000000000000000000000000
000000000000000000000000000000

x = 22, y = 6
